574926153
703680889
713910640
326072305
339327959
590682504
116305780
428680256
263755979
407935212
264398602
143041840
429910845
556067829
705912146
705912151
740522749
702874693
707033409
459329475
562595521
328099446
416029352
317977761
465305025
693801108
90042970
55250310
324057132
560783590
77425460
244022570
725633548
290399234
753463859
603531621
156871555
80814689
655620198
444364255
52444671
68489991
403410768
370769979
665858041
706895886
68489925
388688449
411859313
555715059
386303801
555715062
387764710
390348040
794345964
794345975
794346028
794628035
794346005
794345988
794628090
281571743
331335002
770593062
319336996
517212684
319337003
770593059
677634606
424793468
647959096
517212681
430950869
59262740
354532802
223768759
32412941
90581057
671303986
312202573
95575210
310174739
310174742
458939179
310174745
338089732
310174611
310174617
312202568
312202579
95575215
255563019
642838488
468091595
312202585
185185418
185185350
446992001
325258800
507822686
552747543
317977764
523249121
407137452
383990835
468091588
312202542
665858056
316912331
38709227
206700224
721993649
307150095
206700229
424977747
319676791
320374785
320374788
294730391
320608866
319676792
268960155
360765276
503149047
510524891
407137449
792051303
372745409
407137458
589828113
532600587
648436820
501785746
303229057
567383586
414531485
162318488
644562603
372631794
753576305
753576308
447376885
587216660
103476647
368087557
437875124
123972849
549930939
560862503
317977886
337340102
321337277
275310519
269743711
348125950
712851241
712851238
570499945
707875871
421429275
638347708
409843215
638347723
275310495
371152010
665858050
357896811
638347713
113228457
275310508
191567957
321337247
638347716
638347705
355097714
175801280
424115915
517414293
326463035
275310520
348125962
317497413
304148185
285584627
477123340
426475726
501768955
273046019
322458832
333953873
318076424
370769987
285584593
336318863
123972847
317497161
263834258
103476648
426475708
275310514
275310490
348125940
269743706
260501879
275310505
272407013
477123331
380796099
275310502
272407008
337339961
325258741
687069343
353579723
258111612
622282174
337340081
370769982
229726223
501768535
308521958
792051294
644562593
336318865
365863878
321337214
740890279
340860723
477123337
379237123
38708550
326463008
623522560
704667075
518133487
370769990
324989804
103476638
320374782
229726298
348125935
546185317
331335011
477123334
735455023
312038585
360765743
319676762
740890274
501785786
348125860
335767378
322458837
335767372
123972874
297819655
337340120
321337310
477123346
577445378
560066429
665858061
651085096
376847726
501768958
633277147
185185353
369189051
185185423
577445374
665858044
665858055
274550842
272407018
317977774
317977820
773643339
707875931
704359705
561255854
556240191
561255856
331335007
191567971
424977741
223665889
325855254
426475728
369005297
298449081
548013725
368087548
255718499
379046061
635665412
635665422
376847603
635665419
651085107
387618955
651085101
522147467
639438182
175604598
709209505
674617733
644689179
144303606
745426371
676368109
747562661
714600726
249251566
382177467
112014774
224224695
278157833
481446121
371371082
592270425
580553687
658808742
374775480
580787667
580787670
538785277
481446118
42474928
522147460
116676002
688818950
688818953
319807497
152495640
319807500
670520532
116676007
669995022
506413943
670171663
688818962
669995052
688818956
670520527
670171665
670171668
442082375
318187654
102048570
109758896
228307215
143041825
143041821
143041835
143219224
308999075
530905460
143219233
492769402
492769397
597884478
597887383
597884486
597884483
514454916
359657620
257940470
359657610
227263084
359657627
359657615
227263090
771551304
359657617
767907385
767907388
227263095
319091822
359657630
707380250
317033703
198560994
455168646
570458285
143219229
121559108
519605647
526714920
473469968
254455193
686132204
101674242
686132210
489322484
508626118
721089690
38353082
69927221
370683459
69927226
83408926
278157836
373117657
760766336
760766341
408879877
373117660
90581022
90581019
143041838
376338986
422483916
90581031
90581026
112014771
112014760
127011897
455168649
90581043
278157830
376338993
278157823
583791169
278157818
680613533
757223594
401498333
278157808
745923177
563546656
514435403
198560990
143041816
363412517
769117611
135943391
590685460
135943395
667414287
294517608
780707315
479181883
479181871
203501405
326069902
324339832
148502646
370879030
313490774
712552531
449040381
765544234
101674196
708365561
376338991
324339831
370359667
127011905
72539195
32412936
492769408
489322469
293786489
101674167
721089680
492769407
712553051
712553044
526714919
190334376
366244316
127011900
489322479
336523278
128357902
203501394
509899207
281746793
552563967
489322474
738356771
143041828
143041845
510900090
407935206
428675959
402778067
409762909
726743003
705584233
705584236
705584242
705584247
705584248
81578255
407941023
301403956
554384590
208908712
182998005
169532576
287534435
318187651
141975889
81578260
446991681
676370903
760766330
760766335
392849664
395691560
370359661
537787036
104145585
444364274
570639941
633091080
611147897
444364160
436729638
598049851
532600887
310621402
633701709
591894174
760231484
770603475
159054577
591894183
230913038
735653882
564348595
137587905
633091085
770603478
770603481
628789125
137587915
522546239
633091079
102268175
137587918
591894178
102268158
770603484
214456184
493411420
493411411
598049820
598049824
598049829
598049839
598049844
371586132
371586129
543801154
354532782
223768739
354532813
257940473
354532784
223768742
694939595
771750480
771750478
107968737
493716511
354532789
354532799
223768748
319091839
354532822
232129769
232129816
329905545
754311185
741464465
313841753
660138475
297484326
590214766
94304175
273240236
109961177
295877521
792056071
257094297
257094294
257094291
176133046
176133052
173246114
173246119
205372656
402499952
599230149
253382228
107485999
459450983
466848858
208035673
206818629
133938512
664491744
339327972
614039261
251920428
261912456
599230154
238239984
599230159
109961165
234827987
655891477
124106246
212913141
635333313
144306835
376339006
493411434
133938500
218462194
792056072
352667249
401139213
373294609
569802249
560977115
646062446
615798408
615043845
772194405
714991021
401139228
523353075
455946258
268861678
349593286
686421315
349593292
357182688
686421330
647600288
373294612
401139202
591637158
686421324
591637161
349593309
349593298
349593304
686421335
645889944
741733017
393114966
89497216
237884856
771551285
335814525
115055362
221910110
233005320
107113291
662507420
136370295
69169639
68490605
689677043
68490672
732429989
295877524
173800630
103758183
59262754
373117669
308999078
78720201
94305751
35448647
745430423
297482844
558183871
282849243
494886370
684159909
181150859
68489974
68490081
86282195
308156519
754311183
357070345
385951216
357070339
357070348
531183582
746108050
295146542
699414489
471443973
760756421
449724002
325898325
792056057
357070335
771331859
541412322
321100378
538613882
757576879
440505460
214456178
134773415
238389513
445404524
445404530
445404535
420701013
341749644
553753572
385549216
69169669
590214756
693801098
309787185
313841873
308156510
321100366
345526511
660138461
789037334
787272453
757576864
660138456
660138465
771331862
552702180
552702177
653564235
759548966
766476820
526689637
748611884
748611881
321100368
757576869
617436781
360360457
321100383
419852238
445404536
395082716
395082720
134813173
360360466
308156500
757576881
746108090
746108085
771331868
345526513
345526533
786030211
786030214
311892185
578007227
36773823
68490009
68489977
68489986
54233539
693801103
68489980
68490066
68490072
313841883
783245074
786554158
786554155
760958777
760958785
693801105
392849703
655891470
311892197
60470171
405745480
729572023
734177481
408887472
116975457
632932993
311892207
42725180
136370284
355328497
311892222
590214768
534577573
233579549
233579544
42725174
370482534
107485989
358041305
107485984
107485994
430621078
504966500
383599738
770379832
538053800
653372018
786029700
705912030
644080851
655891472
786029891
641323651
289088596
287872158
590214753
323799644
323799638
479394946
479394936
479394935
661239581
661239576
363981308
298411565
737551437
737551443
280148102
696489489
608239460
608239457
459450974
459450978
513242577
696489487
528410099
542523457
311892188
280148108
363423975
130339625
756894961
243183287
454826430
251919520
251919351
190430579
483963024
307127671
304954153
319091834
358041302
466848853
136370312
136370317
136370301
292729986
247096379
199679503
661239561
661239564
479394941
646062443
620918862
449040461
597278820
597278813
78999150
78999207
473873353
686421348
686421355
778473113
493411439
459450959
521958468
502381840
769648050
402499947
69169645
451268730
387721986
787743397
446986920
628454609
105951690
459450971
532600876
91812943
279156967
311892209
377778102
332927894
135697332
705912092
705912106
705912116
705912137
705912157
770379775
702597910
543224178
208419052
355588548
78999213
78999198
78999208
269734637
760958771
670515206
451897162
331197340
530905455
571050791
311892202
114584729
339327969
244022575
253382225
745430418
335363548
325898315
335363552
714173867
714173870
714173872
714173877
714173882
364341858
374674780
473087292
364341906
367394822
726742996
705912086
705912096
705912123
705912131
595709124
671338672
415463154
326299922
587799372
306888987
587053039
587053041
68490988
671309202
79000154
671338670
310408674
444364159
573141069
532600882
532600888
700061683
209680502
628789130
329292120
123487326
506615186
633281217
335363557
411859311
273240230
585015205
232129795
359514485
754311178
313841853
237884855
520145682
591894171
152495652
152495669
735653877
591894184
564348589
777441533
635067307
338972759
261912405
635067310
251918417
635067312
238239982
91812955
762549314
778443609
452071067
466848863
780019651
358676485
514641572
208035670
305692888
305692893
110408279
493411414
493411417
598049841
598049834
371586127
354532794
223770163
354532808
257940467
354532807
443717306
354532819
223768754
319091840
775821320
775821325
771750475
344997550
336198608
324652847
354802220
181150836
94304170
746108080
272686941
464662067
639080607
581394436
523353078
680161501
452071070
254455200
264482271
254455190
273240233
391411039
214456189
686421310
686421318
647600284
349593283
349593289
401139219
591324044
349593313
349593303
401139207
686421321
133938510
222859772
222859781
91812958
686421336
731677897
514641579
530601857
176133049
205372686
530601791
519136171
502403926
513091902
702296796
376496243
464661662
689676929
410420985
133938507
345798185
689677037
512705763
358676479
607475114
305692897
68490003
94305746
233579553
660138455
272686930
136370296
383607308
297482841
658085944
702286866
134813168
682437995
315543538
104217732
771551290
449724007
335814530
305692907
224305788
324652842
272686948
136370290
756361567
746108055
471443978
741464463
660138468
530905457
296460352
514282879
446613436
344997547
704392150
291082801
385951214
741733014
296460357
345526528
321100363
748057755
464661659
338972772
37080143
134770201
214456183
222859766
756361625
190430582
698998109
343125240
343125245
553753579
697507759
652532844
712851850
315543532
272686935
222859769
771750468
780951141
659911776
659912755
552702187
561196936
552563962
766476716
595359798
595359809
403410766
617300628
422882074
445404541
395082725
745923180
308156507
360360460
308156520
128288964
541694536
297482853
74991935
308158896
100292250
52617543
80343281
707033404
322967591
382796925
114584726
446613341
317612452
320225863
293012691
272686955
68489992
68489997
59262747
90042965
320225855
495899636
765866361
103758174
68490046
293012685
59262759
272686945
272686936
234828017
641323644
755603427
786030009
686132221
311892182
247096382
576413728
296560563
116975453
555122920
115040872
354802217
274242373
760958774
760958780
282849246
652532841
647316920
652532850
647316933
707040109
707040115
740054149
740054154
740054159
740054161
307127666
748611679
430621075
760756426
469012101
635939720
707033609
762549319
758087045
538053805
653372012
703164228
705912077
644080854
700287049
324652837
199679498
661239570
620618813
646062436
609474701
597278817
311892219
282012633
323799641
479181876
479181873
593821808
284555668
661239575
739807946
737551446
324652832
469012096
382534036
613890591
608239467
696489499
170367817
311892192
403641373
756894959
356584039
387001946
304954156
769648055
697294346
721284668
494886375
105951695
571050786
459450964
91812945
335033843
320225858
173800633
95039425
273154900
143130238
332262673
370879033
335033846
466848848
136370306
380632305
451268725
386251802
495899633
670515203
380759400
419852235
331197337
480284671
285338015
79000139
79000132
185598957
428669062
647316925
647316928
400737503
391506255
571594666
459450961
529346693
338000968
657913842
657913847
705912111
705912126
705912140
705912152
705912089
770379736
388802049
492769380
439210527
554384592
165099234
305692900
317955711
200221514
492752254
700734135
708629185
765114277
760962997
765114398
765114395
313126932
724486349
307123485
622944651
650931934
569345980
569345977
569345985
670768176
732957019
669463188
139362423
734422694
734422697
734422706
228986014
87836675
258047225
134528426
745200069
338972784
381154136
47045971
792305148
792305347
792305050
792305353
393116119
792305339
792305489
652224620
792305458
792305373
709209501
792305068
792305186
792305356
754076594
313841866
97530214
313123520
313123517
313123525
53507360
324057129
736653611
667588582
736653601
147484646
735658968
102551463
564585550
236787849
224857972
655620195
52617538
52385056
46041702
597676134
655620204
597676137
139362403
101987714
359784964
349836443
591324041
659216962
554729868
478811110
328777210
385991390
634808317
771344617
233772668
254455187
224224690
459873554
493444941
493444936
459873559
459873560
371588179
482628314
766479763
474500129
521962162
771747688
771747693
459873548
459873572
459873569
459873579
768185567
236310981
329905579
685734525
693098526
307963541
726080121
553250145
560062074
778486810
354365463
390456339
390456342
601494523
708861845
708873985
139674325
190596863
382532145
285338019
521962037
175925316
89402022
133909437
222680361
214457199
304818683
466174436
656543301
254455196
432680151
70924311
391407092
290399221
313841876
382793317
241524882
438044477
517610986
401624575
401624588
401624579
401624600
314561012
734769489
301916280
288308324
451275163
394326257
453913660
537567485
55409630
83408956
195006388
138243825
762549311
341187361
341199649
241524887
745917105
745917103
341363192
363412508
175394975
297475417
241524893
446063302
297475414
241524888
341187352
517610969
70924306
427749165
745938732
745938743
546952185
313841871
68490051
652527148
385549209
590208374
780951098
660142614
277858426
418896596
561557604
757576874
617300625
757223599
337480295
748629170
746112479
308158884
360361925
345526516
526405069
638846003
564022051
304138682
727984289
338972760
175527122
249025074
480510839
663577697
684169456
758092965
758092960
786921649
538053501
789858461
709555327
478811093
191822038
670520546
202153350
478811103
652527130
647600499
652527142
647600502
130339622
667447062
667447065
783260956
595359864
290399216
726080118
763305891
107113276
740522781
740522770
740522761
770613773
385549212
309787178
633584577
392849659
538782226
280905480
182877133
745938749
590682498
590682503
711091352
480510840
646240404
609749481
620888424
603527911
570898138
363739630
789044630
789044633
789044636
295400702
313123540
603515885
392559682
627993550
333352470
476596515
299334777
626092841
663577693
709029652
444135154
473087312
618310814
618310818
318911886
636165219
405515687
415478102
756909243
290399226
373633485
392849662
706745903
706746170
456685284
430257114
299334780
773085128
633584572
292402804
292400868
78999745
32412884
32412891
35457620
74992115
46479000
731679466
293012674
590682493
590682509
94342860
324057138
415579476
434646973
446038437
517611055
517611095
627993552
565826179
392832783
381624554
381624559
663577688
94343123
92085227
78385755
78040786
77425445
77885744
77577730
77425467
77535193
220349705
381766941
381766935
130914637
473087310
127832907
560979731
376945188
376945195
511343662
335331322
466860571
648398197
772758995
48701963
48077991
305692910
447262575
391407099
652527145
459438271
70924300
731681607
731681599
731681602
447262570
517611003
181150904
762080926
263755982
584601657
480510850
383599743
713910655
313123537
652527139
747353730
792065888
268380091
455592396
338972724
603532184
769117531
331197702
82943667
46501995
473873339
74992179
524954460
713910645
711265143
711265144
711265149
711265154
685734530
685878474
685878479
725633542
725633545
706149065
706149068
706149074
706149079
706149080
618310811
618310804
287632157
78674451
670771476
313123512
771344614
301403953
82943673
189557184
732963336
642840462
665137149
644701817
703681157
703681162
307123504
555122847
335363772
370879027
374679012
364353489
711265159
305692927
305692912
647301358
721095486
699382459
647301360
699382442
702874688
713910650
726080134
740522785
740522776
740522758
444135159
635069359
556036453
725492225
725492221
725492216
511811258
313123491
313123506
307123480
571599897
313123511
590823377
671080155
732138379
727524359
794345970
317955706
427742088
317612449
79000224
774094650
297484323
297482848
473087289
364341746
705912083
705912101
705912113
705912134
284937804
67529506
449047681
52385061
597676140
317792815
307014655
220580484
310284838
449047675
438038402
572315030
532638754
572313044
603512939
532638747
173705276
170282100
190334381
792305542
51289507
667588579
667588585
736653604
736653597
667588588
147484643
80814386
735658967
385686635
137397315
220349729
628793631
74992162
134037377
503836704
503836719
134167669
51289510
179679007
270532691
179679014
588188176
734422687
598045455
598045450
598045460
598045457
598045467
459873565
658085943
399364026
399364031
399364034
354785728
225116845
262694290
225116851
354785733
341365183
768185562
768185557
768185571
371117688
618954836
225116854
320228983
225116857
254447333
320590589
349836455
349836450
339327960
554729865
272000389
156871545
175925356
156951377
332623966
102431319
102431329
221715472
132732845
132732890
732438812
338972782
510684422
251920425
251920434
468775617
635067300
496591498
251384945
504485649
504485647
209243709
257935458
419854992
319355752
351871844
392294736
222680370
222680394
563371221
222680358
657745722
657745717
79000217
299621493
136481004
97497195
89402010
89402028
133909431
101894590
134813166
89384959
214457194
222680364
89385017
133909432
537448144
117805871
86792284
559147260
86792288
652527135
523641205
452077921
255179962
415851644
255179957
255605037
100292445
349836446
404129450
591638209
295400704
95930802
308999081
741192030
659912749
301916279
510424218
356846215
356846205
384793779
356846200
356846199
435758045
401624609
293790646
296562812
790147567
233005319
138243835
138243828
757576860
748336177
321100373
748611878
403414343
617437084
395086606
289088593
745923186
345526506
345529061
748085508
559712895
473275592
341363197
559712890
297475411
297475394
480743828
789858465
789858468
504485642
293686424
318911883
247555223
282657465
37036668
43614368
31004874
43614383
39992901
43614378
39992906
760966580
760966587
79000472
60470164
59262765
740522755
521963156
78958323
232323171
232323177
473948375
603523769
44237716
659912758
553002384
308156514
757223589
789044627
295400699
480510834
323799635
263760378
610951254
636165222
263760387
521962581
696795791
760766315
683990520
555122851
555122854
759135033
747347723
652806373
77425450
78360757
77479143
78749516
77762082
459438274
277212421
250142639
138276763
136370311
501094744
86281343
68490012
68490071
68490060
68490077
79000351
32412881
32412894
231268767
310622904
310622903
521962287
229481006
76668392
53483863
53507356
77535393
570458274
570458279
570458280
263760373
263760383
457080501
452077917
381624549
381624564
381624561
705584227
100292090
287632152
407941027
392428138
205372593
381766930
208419049
652831472
199830408
760966575
760966577
338972779
521963166
75098198
79000241
305692922
726080124
726080131
781672884
364341727
556036448
107113294
127832900
376830776
519136164
481464538
473873350
706895876
649910361
706895883
228986041
278157827
374057295
367733536
644562596
700287052
739810421
794346015
373117654
757856791
309787183
311892212
110408259
712851845
374674784
732138346
320358739
78999640
290399231
339327954
218462199